  4.4000000e+001  3.7900000e+002
  4.3000000e+001  3.4700000e+002
  4.3000000e+001  3.2900000e+002
  4.2000000e+001  3.1100000e+002
  4.1000000e+001  2.9400000e+002
  4.1000000e+001  2.8000000e+002
  4.2000000e+001  2.6100000e+002
  4.4000000e+001  2.4000000e+002
  4.0000000e+001  2.2500000e+002
  4.0000000e+001  2.0700000e+002
  6.2000000e+001  2.0800000e+002
  8.3000000e+001  2.1000000e+002
  1.0000000e+002  2.1400000e+002
  1.0500000e+002  2.2700000e+002
  1.0900000e+002  2.4300000e+002
  1.1200000e+002  2.6100000e+002
  1.1000000e+002  2.7900000e+002
  9.5000000e+001  2.8600000e+002
  8.0000000e+001  2.9100000e+002
  9.5000000e+001  3.0200000e+002
  1.0600000e+002  3.0700000e+002
  1.1300000e+002  3.1500000e+002
  1.1700000e+002  3.2900000e+002
  1.2000000e+002  3.4900000e+002
  1.1800000e+002  3.6800000e+002
  1.0700000e+002  3.8600000e+002
  9.4000000e+001  3.8600000e+002
  7.7000000e+001  3.8600000e+002
  6.1000000e+001  3.8500000e+002
  1.9900000e+002  2.8400000e+002
  1.8200000e+002  2.8700000e+002
  1.6500000e+002  2.8000000e+002
  1.6300000e+002  2.6700000e+002
  1.6100000e+002  2.4500000e+002
  1.6900000e+002  2.2500000e+002
  1.8600000e+002  2.2500000e+002
  1.9900000e+002  2.2900000e+002
  2.0400000e+002  2.4100000e+002
  2.0700000e+002  2.5800000e+002
  2.0800000e+002  2.7000000e+002
  2.1300000e+002  2.4900000e+002
  2.1600000e+002  2.4000000e+002
  2.2000000e+002  2.3300000e+002
  2.2300000e+002  2.2800000e+002
  2.6900000e+002  2.8400000e+002
  2.7100000e+002  2.7600000e+002
  2.7100000e+002  2.6500000e+002
  2.7100000e+002  2.6000000e+002
  2.7100000e+002  2.4500000e+002
  2.7200000e+002  2.3200000e+002
  2.7900000e+002  2.7400000e+002
  2.8300000e+002  2.7800000e+002
  3.0300000e+002  2.8300000e+002
  2.9200000e+002  2.8100000e+002
  3.0500000e+002  2.7700000e+002
  3.1000000e+002  2.6900000e+002
  3.0800000e+002  2.5900000e+002
  3.0900000e+002  2.5100000e+002
  3.0700000e+002  2.3800000e+002
  3.0900000e+002  2.3300000e+002
  3.1600000e+002  2.2900000e+002
  3.8400000e+002  3.9800000e+002
  3.7800000e+002  3.8800000e+002
  3.7400000e+002  3.7900000e+002
  3.7200000e+002  3.6700000e+002
  3.7100000e+002  3.5200000e+002
  3.7200000e+002  3.3800000e+002
  3.7200000e+002  3.2600000e+002
  3.7400000e+002  3.1300000e+002
  3.7500000e+002  2.9600000e+002
  3.7700000e+002  2.7800000e+002
  3.7700000e+002  2.7100000e+002
  3.7400000e+002  2.6100000e+002
  3.7300000e+002  2.5700000e+002
  3.7900000e+002  2.4700000e+002
  3.7900000e+002  2.3400000e+002
  3.7900000e+002  2.2300000e+002
  3.7200000e+002  2.1100000e+002
  3.6700000e+002  2.0200000e+002
  3.6000000e+002  1.9300000e+002
  3.5600000e+002  2.6300000e+002
  3.7100000e+002  2.6200000e+002
  3.7900000e+002  2.6300000e+002
  3.8700000e+002  2.6400000e+002
  3.9700000e+002  2.6600000e+002
  4.0400000e+002  2.7000000e+002
  4.6700000e+002  4.0400000e+002
  4.6000000e+002  3.9200000e+002
  4.5500000e+002  3.7800000e+002
  4.5400000e+002  3.6500000e+002
  4.5500000e+002  3.4900000e+002
  4.5700000e+002  3.2600000e+002
  4.6100000e+002  3.1000000e+002
  4.6200000e+002  3.0100000e+002
  4.6400000e+002  2.8800000e+002
  4.6500000e+002  2.7900000e+002
  4.6800000e+002  2.6800000e+002
  4.6900000e+002  2.5800000e+002
  4.6800000e+002  2.4500000e+002
  4.6800000e+002  2.3500000e+002
  4.6300000e+002  2.2400000e+002
  4.6000000e+002  2.1300000e+002
  4.5500000e+002  2.0000000e+002
  4.4600000e+002  1.8900000e+002
  4.4500000e+002  2.8300000e+002
  4.5300000e+002  2.8500000e+002
  4.6500000e+002  2.8600000e+002
  4.7100000e+002  2.8600000e+002
  4.7600000e+002  2.8600000e+002
  4.8000000e+002  2.8300000e+002
  5.0000000e+001  3.8400000e+002
  6.3000000e+001  3.8600000e+002
  7.4000000e+001  3.8800000e+002
  9.0000000e+001  3.8700000e+002
  1.0200000e+002  3.8500000e+002
  1.1100000e+002  3.8200000e+002
  1.1800000e+002  3.7400000e+002
  1.1900000e+002  3.6800000e+002
  1.1800000e+002  3.5100000e+002
  1.1800000e+002  3.3800000e+002
