  4.3216527e+000 -8.9053244e-001
  3.9517468e+000 -1.3797102e+000
  4.4890218e+000 -7.6455832e-001
  4.5377251e+000 -4.9178706e-001
  4.1074807e+000 -1.1863884e+000
  4.8086968e+000 -7.2145668e-001
  4.8081714e+000 -6.0265526e-001
  4.4401322e+000 -1.4569746e+000
  4.5496098e+000 -1.4111450e+000
  4.5038139e+000 -8.0751140e-001
  4.3954096e+000 -1.0988214e+000
  4.6691593e+000 -7.7185647e-001
  4.2749272e+000 -7.3416900e-001
  5.1063779e+000 -7.6528319e-001
  4.4105034e+000 -5.9178076e-001
  4.4856015e+000 -7.7827553e-001
  4.7714526e+000 -6.2160426e-001
  4.4692066e+000 -1.3395928e+000
  4.4227276e+000 -9.8479255e-001
  4.2017173e+000 -1.0258709e+000
 -3.9387020e+000 -5.7964470e+000
 -3.3802851e+000 -5.8918178e+000
 -3.7744182e+000 -5.4679588e+000
 -3.0329339e+000 -6.3586570e+000
 -3.6990035e+000 -5.6680049e+000
 -3.2988534e+000 -5.5277684e+000
 -3.3916801e+000 -5.5771727e+000
 -3.7340468e+000 -5.6231027e+000
 -4.1086787e+000 -5.7843657e+000
 -3.4752327e+000 -5.5933332e+000
 -3.7606665e+000 -5.6257899e+000
 -3.2731374e+000 -5.8731535e+000
 -3.3051541e+000 -5.9097006e+000
 -2.9497474e+000 -5.8852261e+000
 -3.2800916e+000 -6.2390003e+000
 -3.6505549e+000 -5.8666611e+000
 -3.3433752e+000 -5.7609265e+000
 -3.7602110e+000 -5.7020172e+000
 -3.4633296e+000 -5.3634075e+000
 -3.4719426e+000 -5.9017523e+000
  8.6223857e-001  2.6791457e+000
  9.1498300e-001  2.3747826e+000
  9.5753540e-001  3.3313800e+000
  3.7764090e-001  2.8798883e+000
  7.3887896e-001  3.1336891e+000
  7.4663304e-001  3.1056959e+000
  3.7293940e-001  3.0419186e+000
  4.5265499e-001  2.7342955e+000
  9.9995690e-001  2.7513350e+000
  6.3581851e-001  2.9231500e+000
  7.9223257e-001  2.6797129e+000
  7.0166455e-001  2.7187079e+000
  4.8462885e-001  3.4772228e+000
  5.0739643e-001  3.0522020e+000
  8.0836447e-001  2.6702836e+000
  3.9029728e-001  3.0231107e+000
  9.0962290e-001  2.6969756e+000
  8.4595661e-001  2.6306955e+000
  4.2875413e-001  2.9571483e+000
  5.9558636e-001  3.3215184e+000
 -6.1559952e-001 -1.2074427e+000
 -4.5725259e-001 -1.3613513e+000
 -1.0045387e+000 -9.5893209e-001
 -7.9237440e-001 -6.6171585e-001
 -7.3292483e-001 -1.2722058e+000
 -1.0181385e+000 -1.3622904e+000
 -1.0500239e+000 -1.1821640e+000
 -3.7482759e-001 -9.0935575e-001
 -6.5081938e-001 -1.3645222e+000
 -8.4773659e-001 -1.4686574e+000
 -4.1247421e-001 -1.1442238e+000
 -5.8470504e-001 -1.1278512e+000
 -9.5112075e-001 -9.6267433e-001
 -2.5231713e-001 -1.2869103e+000
 -5.6734223e-001 -1.1531633e+000
 -2.1051773e-001 -1.2386886e+000
 -3.1278444e-001 -1.1320621e+000
 -8.5943442e-001 -6.4771731e-001
 -1.0417737e+000 -1.2902078e+000
 -6.7607073e-001 -1.5124718e+000
  3.9451036e+000  6.3026382e-001
  3.5332185e+000  8.8104400e-001
  3.8150525e+000  9.8824071e-001
  3.6160293e+000  1.4034039e+000
  3.9649080e+000  3.6256651e-001
  3.9701537e+000  4.6297279e-001
  3.7431815e+000  1.0811061e+000
  3.1879912e+000  6.5281596e-001
  3.8440568e+000  3.5537614e-001
  4.2821708e+000  8.6441862e-001
  4.1098122e+000  1.2357286e+000
  3.3301679e+000  9.8212399e-001
  3.7806901e+000  1.3569713e+000
  3.5997916e+000  9.2111854e-001
  3.4969227e+000  1.3291145e+000
  3.4339826e+000  6.6781230e-001
  3.8909307e+000  4.2782201e-001
  3.6754977e+000  7.0641878e-001
  3.8210290e+000  1.1268293e+000
  3.6939266e+000  4.3489320e-001
  2.5736474e+000  2.4058662e+000
  2.2026415e+000  2.6566829e+000
  2.5484206e+000  3.1676114e+000
  2.0531130e+000  2.6997758e+000
  2.4088623e+000  3.0795418e+000
  1.7816962e+000  2.5024460e+000
  2.2351388e+000  2.7135648e+000
  2.5216796e+000  2.4764395e+000
  2.2867638e+000  2.8873890e+000
  2.7540319e+000  2.6359452e+000
  2.1936813e+000  2.8553482e+000
  1.6855018e+000  2.9117539e+000
  2.0135742e+000  2.6878111e+000
  2.6997597e+000  2.9780592e+000
  2.3490980e+000  3.4040937e+000
  2.4968323e+000  2.8686990e+000
  2.6663251e+000  2.7077712e+000
  1.7469372e+000  2.9852497e+000
  2.1896615e+000  2.7280896e+000
  2.1717746e+000  2.3791864e+000
