 -7.5287568e+000 -1.3368799e+000
 -5.9886688e+000 -8.5852182e-001
 -5.7913379e+000  1.7093906e-001
 -6.1292166e+000 -1.1660351e+000
 -5.9740294e+000 -7.9054310e-001
 -6.8911407e+000 -9.1928523e-001
 -6.6204331e+000 -1.0065255e+000
 -6.4024883e+000 -6.9371456e-001
 -5.5753568e+000 -5.1330025e-001
 -6.2422615e+000 -1.3639501e+000
 -4.7558005e+000 -1.6147522e+000
 -5.7339367e+000 -1.2361605e+000
 -7.1359235e+000 -6.9717150e-001
 -6.1499220e+000 -5.4371765e-001
 -6.2884387e+000 -1.7747475e+000
 -5.7596643e+000 -7.5629602e-001
 -5.9864289e+000 -1.5153546e+000
 -6.0273172e+000 -1.6300241e+000
 -6.3455502e+000 -1.0158151e+000
 -5.8771603e+000 -7.4237801e-001
 -6.8427896e+000 -1.7940327e+000
 -5.4033486e+000 -2.4438796e+000
 -6.7584389e+000 -1.4300978e+000
 -6.2950905e+000 -1.0077385e+000
 -5.9342670e+000 -1.3364073e+000
 -5.6583273e+000 -2.9058940e-001
 -5.8856296e+000 -1.6263978e+000
 -4.6152678e+000 -8.3824747e-001
 -4.6966065e+000 -1.9442160e+000
 -5.3934817e+000 -2.2790409e+000
 -5.7677173e+000 -9.2819736e-001
 -6.3973117e+000 -2.3696984e+000
 -6.1549228e+000 -2.3052496e+000
 -6.8161652e+000 -1.8183714e+000
 -6.0941575e+000 -2.4368510e+000
 -6.1616247e+000 -1.0038758e+000
 -4.6060799e+000 -1.5890039e+000
 -5.3047296e+000 -2.3004352e+000
 -5.7864943e+000 -2.0167605e+000
 -6.0369218e+000 -2.0854199e+000
  2.1645101e+000  4.1076766e+000
  5.2442879e-001  4.3947910e+000
  1.7285981e+000  4.2769767e+000
  1.2406701e+000  2.7777710e+000
  2.4453959e+000  3.6182995e+000
  2.6336236e+000  3.9462041e+000
  2.3176652e+000  2.5565757e+000
  2.1436351e+000  3.4496689e+000
  3.7015585e-001  3.8424399e+000
  2.2342798e+000  2.4067046e+000
  1.6012254e+000  2.6413623e+000
  2.0288082e+000  3.8531577e+000
  1.9853379e+000  3.3040038e+000
  1.4038692e+000  3.6755764e+000
  2.6206797e+000  4.2634259e+000
  2.3824715e+000  3.6458631e+000
  1.9690230e+000  2.7574895e+000
  2.8391114e+000  3.8348351e+000
  3.3194516e+000  3.1916141e+000
  1.4389207e+000  2.7370759e+000
  2.1964907e+000  4.7742812e+000
  1.4372030e+000  3.3645424e+000
  2.7402264e+000  2.6523290e+000
  2.5647594e+000  3.7534527e+000
  1.8525598e+000  4.4858552e+000
  1.8231958e+000  3.7239795e+000
  1.6872830e+000  3.8615426e+000
  2.8627113e+000  3.3821133e+000
  2.0406782e+000  3.1974306e+000
  2.1097583e+000  3.9180708e+000
  1.3337517e+000  3.1721043e+000
  2.4334764e+000  3.3612677e+000
  4.0978363e+000  2.9397912e+000
  2.4174298e+000  2.8285965e+000
  1.2186803e+000  3.1205642e+000
  2.3873924e+000  2.4765934e+000
  1.2096014e+000  3.4824409e+000
  2.3186436e+000  3.3801517e+000
  1.0294916e+000  3.2797308e+000
  2.7180744e+000  1.7351280e+000
 -1.4614828e+000 -2.8594681e-001
 -9.2946940e-001 -9.3960746e-001
 -8.4550154e-001  4.3295401e-001
 -9.7850161e-001 -1.0155260e+000
 -1.1300376e+000 -7.2081400e-001
 -2.2262562e+000 -1.0419731e+000
 -8.6637882e-001  5.2248346e-001
 -1.1957336e+000 -6.9959816e-001
 -7.6430639e-001 -1.4313634e+000
 -6.8481376e-001  3.4591718e-001
 -1.1641609e+000  7.8598409e-001
 -8.7623481e-001  2.4726800e-001
 -1.3385395e+000 -1.2625707e-001
 -1.3296537e+000 -8.2499629e-001
 -1.3716011e+000 -7.4989793e-001
 -1.7712989e+000  6.3740802e-001
 -9.4043633e-001  5.8220551e-001
 -2.3926799e-001 -6.4894005e-001
 -1.5089114e+000  3.4098800e-001
 -1.4550154e+000 -7.1329544e-002
 -5.9793478e-001 -4.8474529e-001
 -1.0762903e+000 -8.0574384e-001
 -2.5044109e-002 -2.2516130e-002
 -2.2946762e+000 -1.4965467e+000
 -1.8275582e+000 -1.3244585e+000
 -1.6385346e+000  1.1876434e+000
  4.1955893e-001 -2.7370996e-001
 -8.0181077e-001  1.6169141e+000
 -1.4145749e+000 -3.9364440e-001
 -1.0829421e+000 -1.0202899e-001
 -1.3249089e+000  4.2292241e-001
 -4.1944725e-001 -3.4830964e-001
 -1.0911328e+000 -5.8851598e-001
 -5.3136526e-001  7.7905084e-001
 -6.1230047e-001 -8.3240475e-001
 -1.2658286e+000  3.4195671e-001
 -1.1835220e+000 -5.8076679e-001
 -1.0143809e+000  2.9713735e-001
 -1.6635260e+000  3.7020627e-001
 -1.2709676e+000 -8.0425304e-001
  4.6230565e+000 -4.1284290e+000
  4.9729543e+000 -3.6064336e+000
  3.5135436e+000 -4.1893566e+000
  4.5034400e+000 -3.7563395e+000
  4.2242097e+000 -3.4772691e+000
  3.3906155e+000 -2.9371064e+000
  4.0573912e+000 -3.2310291e+000
  4.1376557e+000 -5.6218344e+000
  3.4914580e+000 -3.5710781e+000
  2.8820114e+000 -3.1926142e+000
  3.6133193e+000 -3.7765648e+000
  4.2460553e+000 -3.1699724e+000
  3.0435174e+000 -3.2285273e+000
  5.1341144e+000 -2.8567173e+000
  3.8296570e+000 -2.9088273e+000
  2.8052130e+000 -3.0998845e+000
  4.3275980e+000 -4.9290624e+000
  5.2912903e+000 -4.4641563e+000
  4.2870619e+000 -3.2912139e+000
  4.3633469e+000 -4.4532881e+000
  4.2311458e+000 -4.1955870e+000
  4.3714637e+000 -3.2901234e+000
  4.8674778e+000 -3.7568449e+000
  4.3775665e+000 -3.0262187e+000
  4.7786672e+000 -4.7096140e+000
  4.6055845e+000 -3.4352218e+000
  4.3422765e+000 -4.9146609e+000
  4.4460332e+000 -4.7807446e+000
  3.5619671e+000 -3.5652321e+000
  3.5890992e+000 -3.8691339e+000
  4.2408201e+000 -4.5621176e+000
  4.4980021e+000 -3.9756557e+000
  3.6236642e+000 -4.1786542e+000
  4.8184381e+000 -4.3983229e+000
  4.3266365e+000 -3.5968583e+000
  6.1621111e+000 -4.8136434e+000
  4.5377158e+000 -3.5514230e+000
  3.3351570e+000 -5.1884381e+000
  4.5186249e+000 -3.4005863e+000
  4.5996129e+000 -3.5304494e+000
 -3.4332741e-001  1.9254690e+000
 -1.3584204e+000  1.9447572e-001
 -3.9793726e-001  2.4694270e+000
 -1.6248410e+000  2.6661939e-001
 -2.4422178e-001  2.1701803e+000
 -2.3602269e+000  6.1671933e-001
 -6.7476365e-001  1.6633407e+000
 -1.3873883e+000  2.0691737e+000
 -1.4154252e+000  1.9663202e+000
 -7.6777304e-001  1.4194463e+000
 -1.1098524e+000  7.4530347e-001
 -1.9452974e-001  1.3151691e+000
 -9.4912769e-001  8.3139137e-001
 -1.6461793e-001  2.2800799e-001
 -1.2068050e+000  7.6253173e-001
 -8.2579854e-001  1.8053569e+000
 -5.9504779e-001  1.7814236e+000
 -9.2633877e-002  1.1028913e+000
 -4.3974645e-001  1.4367686e+000
 -1.0754344e+000  1.7137143e+000
 -1.8343036e+000  1.5328219e+000
 -1.3541701e+000  1.5738026e+000
 -6.4188293e-001  2.8500230e+000
 -1.5724675e+000 -2.0055340e-001
 -6.7006957e-001  1.6308279e+000
 -9.9107363e-002  1.5964379e+000
 -7.0259122e-001  1.8570947e+000
 -7.5857920e-001  9.8690999e-001
 -5.8970031e-001  2.0149385e+000
 -2.2875396e-002  1.5138219e+000
  1.3983480e-001  1.9876872e+000
 -1.5916585e+000  2.0681505e+000
 -7.3026963e-001  2.3188548e+000
 -4.6184471e-001  1.3484707e+000
 -1.0588788e+000  2.3154493e+000
  8.7266022e-001  1.5531243e+000
 -2.7489887e-001  3.9276613e-001
 -1.4697298e+000  1.2887215e+000
 -3.0574705e-001  1.0400349e+000
 -3.8389304e-001  1.8311312e-001
