107 365
120 383
134 397
150 410
173 420
195 427
227 434
259 435
293 431
310 424
332 415
342 404
359 393
374 375
382 359
389 341
388 318
386 291
384 266
376 247
365 231
349 219
325 201
284 191
251 187
222 187
192 189
166 198
139 209
120 226
106 247
93 278
89 306
87 330
88 345
182 328
203 346
226 363
253 363
271 358
284 343
295 314
285 292
264 277
238 271
218 270
191 284
184 299
179 312
240 432
217 435
188 430
174 425
151 416
125 394
113 381
102 380
94 357
94 341
92 315
94 286
97 261
115 238
136 213
306 188
294 192
321 199
333 205
352 216
362 230
372 247
256 192
240 185
216 189
200 191
170 194
193 335
192 347
212 360
233 367
250 370
279 360
286 348
296 331
293 307
275 291
231 279
211 278
197 286
243 270
280 284
296 294
300 316
288 281
266 276
248 268
237 267
276 436
288 433
318 424
